M1 <- matrix(c(
0, 0, .3455153608, .1943516429, .4601329963, 0, 0, 0, 0, 0, 0, 0, 0, 0, 0, 0,
.1882680171, 0, 0, 0, 0, .4128491231, 0, .3988828598, 0, 0, 0, 0, 0, 0, 0, 0,
0, 0, 0, 0, 0, .4708736733, 0, 0, .2427096804e-1, .5048553587, 0, 0, 0, 0, 0,0, 
0, 0, 0, 0, 0, 0, 0, 0, .1476611445, 0, .8523388555, 0, 0, 0, 0, 0, 
0, 0, 0, 0, 0, 0, 0, .1510569801, 0, .2099694380, .6389735818, 0, 0, 0, 0, 0,
0, 0, 0, 0, 0, 0, 0, 0, 0, 0, 0, 0, 1.000000000, 0, 0, 0, 
0, .4359087587, 0, .5444650175, 0, 0, 0, 0, 0, 0, 0, .1053044461e-1, 0, .9095779128e-2, 0, 0, 
0, 0, 0, 0, 0, 0, 0, 0, 0, 0, 0, 0, 1.000000000, 0, 0, 0, 
0, 0, 0, 0, 0, 0, 0, 0, 1, 0, 0, 0, 0, 0, 0, 0, 
0, 0, 0, 0, 0, 0, 0, 0, 0, 0, 0, 0, 1.000000000, 0, 0, 0, 
0, 0, 0, 0, 0, 0, 0, 0, 0, 0, 1, 0, 0, 0, 0, 0, 
0, 0, 0, 0, 0, .3096409060, 0, 0, .2870142929, 0, 0, 0, 0, 0, 0, .4033448011,
0, 0, 0, 0, 0, 0, 0, 0, 0, 0, 0, 0, 0, 0, 0, 1.000000000, 
0, 0, 0, 0, 0, 0, 0, .2903450680, 0, 0, .3278727083, 0, 0, 0, 0, .3817822238,
0, 0, 0, 0, 0, 0, 0, 0, .2137630774, .2314135342, .2567303866, 0, 0, 0, 0, .2980930019, 
0, 0, 0, 0, 0, 0, 0, 0, 0, 0, 0, 0, 0, 0, 0, 1)


M2 <- matrix(c(
0, 0, 0, .9844708460, .1552915396e-1, 0, 0, 0, 0, 0, 0, 0, 0, 0, 0, 0, 
.1352941176, 0, 0, 0, 0, 0, .1862752941, .6784305882, 0, 0, 0, 0, 0, 0, 0, 0,
.6171861963, 0, 0, 0, 0, .2031256152, 0, 0, 0, .1796881885, 0, 0, 0, 0, 0, 0,
0, 0, 0, 1, 0, 0, 0, 0, 0, 0, 0, 0, 0, 0, 0, 0, 
0, 0, 0, 0, 0, 0, 0, 1.000000000, 0, 0, 0, 0, 0, 0, 0, 0, 
0, .1534845128, 0, 0, 0, 0, 0, 0, 0, 0, 0, .1981204060, .6483950812, 0, 0, 0,
0, 0, 0, .5408925955, 0, 0, 0, 0, 0, 0, 0, 0, 0, .4591074045, 0, 0, 
0, 0, 0, 0, 0, 0, 0, 0, 0, 0, 0, 0, 1.000000000, 0, 0, 0, 
0, 0, .1549361613, .5029328463, 0, 0, 0, 0, 0, 0, 0, .3421309925, 0, 0, 0, 0,
0, 0, 0, 0, .2526595745, 0, 0, 0, 0, 0, 0, 0, .7473404255, 0, 0, 0, 
0, 0, 0, .5058142476, .5232561182e-1, 0, 0, 0, 0, 0, 0, 0, 0, .4418601406, 0,0, 
0, 0, 0, 0, 0, 0, .1018775295, 0, 0, 0, 0, 0, 0, 0, 0, .8981224705, 
0, 0, 0, 0, 0, 0, 0, 0, 0, 0, 0, 0, 1, 0, 0, 0, 
0, 0, 0, 0, 0, 0, 0, .7406666667e-1, 0, 0, 0, 0, 0, 0, 0, .9259333333, 
0, 0, 0, 0, 0, 0, 0, 0, .1787042106, .2360594825, .2691184240, 0, 0, 0, 0, .3161178829, 
0, 0, 0, 0, 0, 0, 0, 0, 0, 0, 0, 0, 1.000000000, 0, 0, 0)

M3 <- matrix(c(
0, 0, 1.000000000, 0, 0, 0, 0, 0, 0, 0, 0, 0, 0, 0, 0, 0, 
.3403390232, 0, 0, 0, 0, .3221241399, .3375368369, 0, 0, 0, 0, 0, 0, 0, 0, 0,
0, 0, 1, 0, 0, 0, 0, 0, 0, 0, 0, 0, 0, 0, 0, 0, 
.1388587490, 0, 0, 0, 0, 0, .1173311219, 0, .1022607496, 0, .6415493795, 0, 0,0, 0, 0, 
.2871466592, 0, 0, 0, 0, 0, 0, 0, 0, 0, .7128533408, 0, 0, 0, 0, 0, 
0, 0, .3340880336, 0, 0, 0, 0, 0, 0, 0, 0, .6659119664, 0, 0, 0, 0, 
0, 0, 0, 0, 0, 0, 0, 0, 0, 0, 0, 1.000000000, 0, 0, 0, 0, 
0, .3312722019e-1, 0, 0, .9668727798, 0, 0, 0, 0, 0, 0, 0, 0, 0, 0, 0, 
0, 0, .2879880104, 0, 0, 0, 0, 0, 0, 0, 0, .7120119896, 0, 0, 0, 0, 
0, 0, .7857142857, 0, .2142857143, 0, 0, 0, 0, 0, 0, 0, 0, 0, 0, 0, 
0, 0, 0, 0, 0, 0, 0, 0, 0, 0, 1, 0, 0, 0, 0, 0, 
0, 0, 0, 0, 0, 0, 0, 0, 0, 0, 0, 1, 0, 0, 0, 0, 
0, 0, 0, 0, 0, .4775368302, 0, .1781572562e-1, 0, .4068551051, 0, 0, 0, 0, 0,.9779233910e-1, 
0, 0, 0, 0, 0, 0, .4128722254, .1506053560e-1, 0, 0, .4908650329, 0, 0, 0, 0,.8120220614e-1, 
0, 0, 0, 0, 0, 0, 0, 0, .3158376234, .2556469270, .3812508833, 0, 0, 0, 0, .4726456632e-1, 
0, 0, 0, 0, 0, 0, 0, 0, 0, 0, 0, 1.000000000, 0, 0, 0, 0)

M4 <- matrix(c(
0, .7589174316e-2, .4533265780, .5390842477, 0, 0, 0, 0, 0, 0, 0, 0, 0, 0, 0,0, 
0, 0, 0, 0, 0, .2192781692e-1, .9780721831, 0, 0, 0, 0, 0, 0, 0, 0, 0, 
0, 0, 0, 0, 0, 0, 0, 0, 1.000000000, 0, 0, 0, 0, 0, 0, 0, 
0, 0, 0, 0, 0, 0, .4145153749e-1, 0, .4466317983, 0, .5119166642, 0, 0, 0, 0,0, 
.3067484663e-1, 0, 0, 0, 0, 0, 0, .2249488753e-1, 0, .2147239264e-1, .9253578732, 0, 0, 0, 0, 0, 
0, 0, 1.000000000, 0, 0, 0, 0, 0, 0, 0, 0, 0, 0, 0, 0, 0, 
0, 0, 0, 0, 0, 0, 1, 0, 0, 0, 0, 0, 0, 0, 0, 0, 
0, .4153858935, 0, 0, 0, 0, 0, 0, 0, 0, 0, 0, 0, .5846141065, 0, 0, 
0, 0, 0, 0, 0, 0, 0, 0, 1, 0, 0, 0, 0, 0, 0, 0, 
0, 0, .4155813571, 0, 0, 0, 0, 0, 0, 0, 0, 0, 0, 0, .5844186429, 0, 
0, 0, 0, 0, 0, 0, 0, 0, 0, 0, 1, 0, 0, 0, 0, 0, 
0, 0, 0, 0, 0, .1647420070e-1, .2879751239, 0, .3386950150, 0, 0, 0, 0, 0, 0, .3568556603, 
0, 0, 0, 0, 0, .5232854159e-1, 0, .1896075438e-1, 0, .1797934887e-1, 0, 0, 0, 0, 0, .9107313552, 
0, 0, 0, 0, 0, 0, .2886134872, 0, 0, 0, .3504494278, 0, 0, 0, 0, .3609370850,
0, 0, 0, 0, 0, 0, 0, 0, .1047286614, 0, .3175670745, 0, 0, 0, 0, .5777042641,
0, 0, 0, 0, 0, 0, 0, 0, 0, 0, 0, 0, 0, 0, 0, 1)

M5 <- matrix(c(
0, .5944514692e-1, .3720827624, .5684720906, 0, 0, 0, 0, 0, 0, 0, 0, 0, 0, 0, 0, 
0, 0, 0, 0, 0, .1158300264e-1, .9131274802, .7528951715e-1, 0, 0, 0, 0, 0, 0, 0, 0, 
0, 0, 0, 0, 0, 0, 0, 0, .5847176080, .4152823920, 0, 0, 0, 0, 0, 0, 
0, 0, 0, 0, 0, 0, 0, 0, .1002441078, 0, .8997558922, 0, 0, 0, 0, 0, 
.5178726889e-1, 0, 0, 0, 0, 0, 0, .1005957105, 0, .3313474485, .5162695722, 0, 0, 0, 0, 0, 
0, 0, 1.000000000, 0, 0, 0, 0, 0, 0, 0, 0, 0, 0, 0, 0, 0, 
0, 0, 0, 1.000000000, 0, 0, 0, 0, 0, 0, 0, 0, 0, 0, 0, 0, 
0, 0, 0, 0, 0, 0, 0, 1, 0, 0, 0, 0, 0, 0, 0, 0, 
0, 0, 0, 0, 0, 0, 0, 0, 0, 0, 0, 0, 0, 0, 1.000000000, 0, 
0, 0, 0, 0, 0, 0, 0, 0, 0, 0, 0, 0, 0, 0, 1.000000000, 0, 
0, 0, 0, 0, 0, 0, 0, 0, 0, 0, 0, 0, 0, 0, 1.000000000, 0, 
0, 0, 0, 0, 0, .3759397366e-2, .2378447405, 0, .3110275756, 0, 0, 0, 0, 0, 0, .4473682865, 
0, 0, 0, 0, 0, .4390275335e-2, 0, .2668005134e-1, 0, .3667681324, 0, 0, 0, 0, 0, .6021615409, 
0, 0, 0, 0, 0, 0, .2160879401, .8726623557e-1, 0, 0, .3564855999, 0, 0, 0, 0, .3401602244, 
0, 0, 0, 0, 0, 0, 0, 0, 0, 0, 0, 0, 0, 0, 1, 0, 
0, 0, 0, 0, 0, 0, 0, 0, 0, 0, 0, 0, 0, 0, 1.000000000, 0)

M6 <- matrix(c(
0, 0, .7871287129, .2128712871, 0, 0, 0, 0, 0, 0, 0, 0, 0, 0, 0, 0, 
.2378459379, 0, 0, 0, 0, .2875094263, .2671652516, .2074793841, 0, 0, 0, 0, 0,0, 0, 0, 
0, 0, 1, 0, 0, 0, 0, 0, 0, 0, 0, 0, 0, 0, 0, 0, 
0, 0, 0, 0, 0, 0, 0, 0, 1.000000000, 0, 0, 0, 0, 0, 0, 0, 
.6263739017e-1, 0, 0, 0, 0, 0, 0, 0, 0, .6241756590, .3131869509, 0, 0, 0, 0,0, 
0, 0, 1.000000000, 0, 0, 0, 0, 0, 0, 0, 0, 0, 0, 0, 0, 0, 
0, 0, 0, .1587699164, 0, 0, 0, 0, 0, 0, 0, 0, 0, .8412300836, 0, 0, 
0, 0, 0, 0, .8711232734e-1, 0, 0, 0, 0, 0, 0, 0, .7100255752e-1, .8418851151,0, 0, 
0, 0, .5777851259e-1, 0, 0, 0, 0, 0, 0, 0, 0, 0, 0, 0, .9422214874, 0, 
0, 0, .4110812809, 0, 0, 0, 0, 0, 0, 0, 0, 0, 0, 0, .5889187191, 0, 
0, 0, 0, .5802918014e-1, 0, 0, 0, 0, 0, 0, 0, 0, 0, .3576642751, .5843065447,0, 
0, 0, 0, 0, 0, .1269532955, .9374998169e-1, 0, .3889159397, 0, 0, 0, 0, 0, 0, .3903807831, 
0, 0, 0, 0, 0, .1660017823, 0, 0, 0, .2374300459, 0, 0, 0, 0, 0, .5965681718,
0, 0, 0, 0, 0, 0, 0, 0, 0, 0, 0, 0, 0, 0, 0, 1.000000000, 
0, 0, 0, 0, 0, 0, 0, 0, 0, 0, 0, 0, 0, 0, 1, 0, 
0, 0, 0, 0, 0, 0, 0, 0, 0, 0, 0, 0, 0, 0, 1.000000000, 0)

M7 <- matrix(c(
0, 0, .5501153089, .4498846911, 0, 0, 0, 0, 0, 0, 0, 0, 0, 0, 0, 0, 
.8226364532e-1, 0, 0, 0, 0, .1812942769, .7364420778, 0, 0, 0, 0, 0, 0, 0, 0,0, 
0, 0, 1, 0, 0, 0, 0, 0, 0, 0, 0, 0, 0, 0, 0, 0, 
0, 0, 0, 0, 0, 0, .4818180472, 0, .1383117242, 0, .3798702285, 0, 0, 0, 0, 0,
.1924686653, 0, 0, 0, 0, 0, 0, .6056976941e-1, 0, .8826445625e-1, .6586971091,0, 0, 0, 0, 0, 
0, 0, .5249406235, 0, 0, 0, 0, 0, 0, 0, 0, .4750593765, 0, 0, 0, 0, 
0, 0, 0, 0, 0, 0, 1, 0, 0, 0, 0, 0, 0, 0, 0, 0, 
0, .2604791199, 0, 0, 0, 0, 0, 0, 0, 0, 0, 0, .1893710148, .5501498653, 0, 0,
0, 0, .9468104120, 0, 0, 0, 0, 0, 0, 0, 0, .5318958804e-1, 0, 0, 0, 0, 
0, 0, .9590370163, 0, 0, 0, 0, 0, 0, 0, 0, 0, .4096298369e-1, 0, 0, 0, 
0, 0, 0, 0, 0, 0, 0, 0, 0, 0, 1, 0, 0, 0, 0, 0, 
0, 0, 0, 0, 0, 0, .4705347342, 0, 0, 0, 0, 0, 0, 0, 0, .5294652658, 
0, 0, 0, 0, 0, .2094200279, 0, 0, 0, 0, 0, 0, 0, 0, 0, .7905799721, 
0, 0, 0, 0, 0, 0, .3376044192, 0, 0, 0, .3157381821, 0, 0, 0, 0, .3466573987,
0, 0, 0, 0, 0, 0, 0, 0, .2901527229, .2780410040e-1, .3293312280, 0, 0, 0, 0, .3527119488, 
0, 0, 0, 0, 0, 0, 0, 0, 0, 0, 0, 0, 0, 0, 0, 1)


M8 <- matrix(c(
0, 0, .6311120000, 0, .3688880000, 0, 0, 0, 0, 0, 0, 0, 0, 0, 0, 0, 
.1317347628, 0, 0, 0, 0, 0, .8682652372, 0, 0, 0, 0, 0, 0, 0, 0, 0, 
0, 0, 1, 0, 0, 0, 0, 0, 0, 0, 0, 0, 0, 0, 0, 0, 
.3001336362, 0, 0, 0, 0, 0, .3823527996, 0, 0, 0, .3175135642, 0, 0, 0, 0, 0,
0, 0, 0, 0, 0, 0, 0, 0, 0, 1.000000000, 0, 0, 0, 0, 0, 0, 
0, .4584527221e-1, .3381088825, 0, 0, 0, 0, 0, 0, 0, 0, 0, .6160458453, 0, 0,0, 
0, 0, 0, 0, 0, 0, 0, 0, 0, 0, 0, 0, 0, 1.000000000, 0, 0, 
0, .6035193224e-1, 0, 0, .2039721864, 0, 0, 0, 0, 0, 0, 0, .5164245738, .2192513075, 0, 0, 
0, 0, .4185009846, .2585661071, 0, 0, 0, 0, 0, 0, 0, .3229329083, 0, 0, 0, 0,
0, 0, .1389585331, 0, 0, 0, 0, 0, 0, 0, 0, 0, .8610414669, 0, 0, 0, 
0, 0, 0, 0, .4666658667, 0, 0, 0, 0, 0, 0, 0, 0, .5333341333, 0, 0, 
0, 0, 0, 0, 0, .9699778014e-1, .3198612655, 0, 0, 0, 0, 0, 0, 0, 0, .5831409544, 
0, 0, 0, 0, 0, 0, 0, 0, 0, 0, 0, 0, 1, 0, 0, 0, 
0, 0, 0, 0, 0, 0, 0, 0, 0, 0, 0, 0, 0, 0, 0, 1.000000000, 
0, 0, 0, 0, 0, 0, 0, 0, .1257461571e-2, .3376717926, .3011765721, 0, 0, 0, 0,.3598941738, 
0, 0, 0, 0, 0, 0, 0, 0, 0, 0, 0, 0, 1.000000000, 0, 0, 0)


M9 <- matrix(c(
0, 0, 0, .4813587160, .5186412840, 0, 0, 0, 0, 0, 0, 0, 0, 0, 0, 0, 
.3187509228, 0, 0, 0, 0, .4043746714, .2272269889, .4964741700e-1, 0, 0, 0, 0,0, 0, 0, 0, 
.4061472694e-1, 0, 0, 0, 0, .2583241529, 0, 0, .3874864490, .3135746712, 0, 0,0, 0, 0, 0, 
0, 0, 0, 0, 0, 0, 0, 0, .8155551585, 0, .1844448415, 0, 0, 0, 0, 0, 
0, 0, 0, 0, 0, 0, 0, 0, 0, .7594917481, .2405082519, 0, 0, 0, 0, 0, 
0, 0, 0, 0, 0, 0, 0, 0, 0, 0, 0, .8494612903, .1505387097, 0, 0, 0, 
0, 0, 0, .4403038728, 0, 0, 0, 0, 0, 0, 0, .5596961272, 0, 0, 0, 0, 
0, 0, 0, 0, .4173912485, 0, 0, 0, 0, 0, 0, 0, .4215719837, .1610367678, 0, 0,
0, 0, 0, 0, 0, 0, 0, 0, 1, 0, 0, 0, 0, 0, 0, 0, 
0, 0, 0, 0, 0, 0, 0, 0, 0, 1, 0, 0, 0, 0, 0, 0, 
0, 0, 0, 0, 0, 0, 0, 0, 0, 0, 1, 0, 0, 0, 0, 0, 
0, 0, 0, 0, 0, 0, 0, 0, 1.000000000, 0, 0, 0, 0, 0, 0, 0, 
0, 0, 0, 0, 0, 0, 0, 0, 0, 1.000000000, 0, 0, 0, 0, 0, 0, 
0, 0, 0, 0, 0, 0, .8305261021e-1, 0, 0, 0, .4814586668, 0, 0, 0, 0, .4354887230, 
0, 0, 0, 0, 0, 0, 0, 0, .2693082916, .2523505370, .2454667568, 0, 0, 0, 0, .2328744147, 
0, 0, 0, 0, 0, 0, 0, 0, 0, 0, 0, .7434449438, .2565550562, 0, 0, 0)


M10 <- matrix(c(
0, .3763379579, .3940844388, .2295776033, 0, 0, 0, 0, 0, 0, 0, 0, 0, 0, 0, 0,
0, 1, 0, 0, 0, 0, 0, 0, 0, 0, 0, 0, 0, 0, 0, 0, 
0, 0, 1, 0, 0, 0, 0, 0, 0, 0, 0, 0, 0, 0, 0, 0, 
0, 0, 0, 0, 0, 0, .2201397847, 0, .7798602153, 0, 0, 0, 0, 0, 0, 0, 
.9186737462e-1, 0, 0, 0, 0, 0, 0, .4717620312, 0, .4363705942, 0, 0, 0, 0, 0, 0, 
0, .2511855632, .2560833318, 0, 0, 0, 0, 0, 0, 0, 0, .2469097645, .2458213404, 0, 0, 0, 
0, .5344177894, 0, 0, 0, 0, 0, 0, 0, 0, 0, .4655822106, 0, 0, 0, 0, 
0, .5589743590, 0, 0, 0, 0, 0, 0, 0, 0, 0, 0, .4410256410, 0, 0, 0, 
0, 0, .2804465349, 0, 0, 0, 0, 0, 0, 0, 0, .1486031707, 0, 0, .5709502944, 0,
0, 0, .3063290159, 0, 0, 0, 0, 0, 0, 0, 0, 0, .2227846698, 0, .4708863144, 0,
0, 0, 0, .3272637965, .1969734550, 0, 0, 0, 0, 0, 0, 0, 0, .4466042868e-1, .4311023198, 0, 
0, 0, 0, 0, 0, 0, 0, 0, 0, 0, 0, 1, 0, 0, 0, 0, 
0, 0, 0, 0, 0, 0, 0, 0, 0, 0, 0, 0, 1, 0, 0, 0, 
0, 0, 0, 0, 0, 0, .3482377336, .3628021978, 0, 0, 0, 0, 0, 0, 0, .2889600686,
0, 0, 0, 0, 0, 0, 0, 0, 0, 0, 0, 0, 0, 0, 1, 0, 
0, 0, 0, 0, 0, 0, 0, 0, 0, 0, 0, .2884117620, .2832283500, 0, .4283598879, 0)

M11 <- matrix(c(
0, .2055973783, .3724433778, 0, .4219592439, 0, 0, 0, 0, 0, 0, 0, 0, 0, 0, 0,
0, 0, 0, 0, 0, .3881860759, .1402949367, .4715189873, 0, 0, 0, 0, 0, 0, 0, 0,
0, 0, 0, 0, 0, 1.000000000, 0, 0, 0, 0, 0, 0, 0, 0, 0, 0, 
.4452710826, 0, 0, 0, 0, 0, .5547289174, 0, 0, 0, 0, 0, 0, 0, 0, 0, 
0, 0, 0, 0, 0, 0, 0, 1.000000000, 0, 0, 0, 0, 0, 0, 0, 0, 
0, 0, 0, 0, 0, 0, 0, 0, 0, 0, 0, .4632465984e-1, .9536753402, 0, 0, 0, 
0, 0, 0, 0, 0, 0, 0, 0, 0, 0, 0, .2758620690, 0, .7241379310, 0, 0, 
0, 0, 0, 0, 0, 0, 0, 0, 0, 0, 0, 0, .5774809365, .4225190635, 0, 0, 
0, 0, .4863243797, .1025581844e-1, 0, 0, 0, 0, 0, 0, 0, .5011855081, 0, 0, .2234293786e-2, 0, 
0, 0, .2818533557e-1, 0, .1409310896, 0, 0, 0, 0, 0, 0, 0, .8308835748, 0, 0,0, 
0, 0, 0, .7426932971e-2, .4627575362, 0, 0, 0, 0, 0, 0, 0, 0, .5298155309, 0, 0, 
0, 0, 0, 0, 0, 0, 0, 0, 0, 0, 0, 0, 0, 0, 0, 1.000000000, 
0, 0, 0, 0, 0, 0, 0, 0, 0, 0, 0, 0, 0, 0, 0, 1.000000000, 
0, 0, 0, 0, 0, 0, 0, 0, 0, 0, 0, 0, 0, 0, 0, 1.000000000, 
0, 0, 0, 0, 0, 0, 0, 0, 0, .4108437982, 0, 0, 0, 0, 0, .5891562018, 
0, 0, 0, 0, 0, 0, 0, 0, 0, 0, 0, 0, 0, 0, 0, 1)

M12 <- matrix(c(
0, 0, .9346581030, .6534189695e-1, 0, 0, 0, 0, 0, 0, 0, 0, 0, 0, 0, 0, 
1.000000000, 0, 0, 0, 0, 0, 0, 0, 0, 0, 0, 0, 0, 0, 0, 0, 
0, 0, 0, 0, 0, 0, 0, 0, .4264739619, .5735260381, 0, 0, 0, 0, 0, 0, 
0, 0, 0, 0, 0, 0, 0, 0, .9254144471, 0, .7458555294e-1, 0, 0, 0, 0, 0, 
.1376396351, 0, 0, 0, 0, 0, 0, 0, 0, .6544952910, .2078650739, 0, 0, 0, 0, 0,
0, .2813105007, .3794257798, 0, 0, 0, 0, 0, 0, 0, 0, .3357406613, .3523058201e-2, 0, 0, 0, 
0, .2961777699, 0, .3408000727, 0, 0, 0, 0, 0, 0, 0, .3511111149, 0, .1191104254e-1, 0, 0, 
0, .4799628903, 0, 0, .5200371097, 0, 0, 0, 0, 0, 0, 0, 0, 0, 0, 0, 
0, 0, 0, 0, 0, 0, 0, 0, 1, 0, 0, 0, 0, 0, 0, 0, 
0, 0, 0, 0, 0, 0, 0, 0, 0, 1, 0, 0, 0, 0, 0, 0, 
0, 0, 0, 0, 0, 0, 0, 0, 0, 0, 1, 0, 0, 0, 0, 0, 
0, 0, 0, 0, 0, 0, 0, 0, 1.000000000, 0, 0, 0, 0, 0, 0, 0, 
0, 0, 0, 0, 0, 0, 0, .8880647319e-2, 0, .9649207504, 0, 0, 0, 0, 0, .2619860231e-1, 
0, 0, 0, 0, 0, 0, 0, .2099999580e-1, 0, 0, .9385000123, 0, 0, 0, 0, .4049999190e-1, 
0, 0, 0, 0, 0, 0, 0, 0, .3445074599, .3460812087, .2960339943, 0, 0, 0, 0, .1337733711e-1, 
0, 0, 0, 0, 0, 0, 0, 0, 0, 0, 0, 1.000000000, 0, 0, 0, 0)


M13 <- matrix(c(
0, 0, .3671914961, .6328085039, 0, 0, 0, 0, 0, 0, 0, 0, 0, 0, 0, 0, 
.6310357404e-1, 0, 0, 0, 0, .7952341508e-1, .8573730109, 0, 0, 0, 0, 0, 0, 0, 0, 0, 
0, 0, 0, 0, 0, 0, 0, 0, 1.000000000, 0, 0, 0, 0, 0, 0, 0, 
0, 0, 0, 0, 0, 0, .5900874016e-1, 0, .3867230967, 0, .5542681631, 0, 0, 0, 0, 0, 
.7749078635e-1, 0, 0, 0, 0, 0, 0, .3173424823e-1, 0, .2714021803, .6193727851, 0, 0, 0, 0, 0, 
0, 0, .6252319574, 0, 0, 0, 0, 0, 0, 0, 0, .1808906052, .1938774374, 0, 0, 0,
0, 0, 0, 0, 0, 0, 1, 0, 0, 0, 0, 0, 0, 0, 0, 0, 
0, .3198078821e-1, 0, 0, 0, 0, 0, 0, 0, 0, 0, 0, .4409590842, .5270601276, 0, 0, 
0, 0, 0, 0, 0, 0, 0, 0, 0, 0, 0, 0, 0, 0, 1.000000000, 0, 
0, 0, .1514360313, 0, 0, 0, 0, 0, 0, 0, 0, 0, 0, 0, .8485639687, 0, 
0, 0, 0, 0, 0, 0, 0, 0, 0, 0, 0, 0, 0, 0, 1.000000000, 0, 
0, 0, 0, 0, 0, 0, .2841514484, 0, .3277700228, 0, 0, 0, 0, 0, 0, .3880785288,
0, 0, 0, 0, 0, 0, 0, 0, 0, .1752484192, 0, 0, 0, 0, 0, .8247515808, 
0, 0, 0, 0, 0, 0, .2738393248, 0, 0, 0, .3431098415, 0, 0, 0, 0, .3830508337,
0, 0, 0, 0, 0, 0, 0, 0, 0, 0, 0, 0, 0, 0, 0, 1.000000000, 
0, 0, 0, 0, 0, 0, 0, 0, 0, 0, 0, 0, 0, 0, 0, 1)

M14 <- matrix(c(
0, .4878056712e-1, .5826562320, 0, .3685632009, 0, 0, 0, 0, 0, 0, 0, 0, 0, 0, 0, 
0, 1, 0, 0, 0, 0, 0, 0, 0, 0, 0, 0, 0, 0, 0, 0, 
0, 0, 0, 0, 0, 0, 0, 0, 0, 1.000000000, 0, 0, 0, 0, 0, 0, 
.7146233157, 0, 0, 0, 0, 0, 0, 0, .2853766843, 0, 0, 0, 0, 0, 0, 0, 
0, 0, 0, 0, 0, 0, 0, 0, 0, 1.000000000, 0, 0, 0, 0, 0, 0, 
0, .2272393379, .5188744354, 0, 0, 0, 0, 0, 0, 0, 0, 0, .2538862267, 0, 0, 0,
0, .4851816444, 0, .4311663480, 0, 0, 0, 0, 0, 0, 0, .8365200765e-1, 0, 0, 0, 0, 
0, .2448783435, 0, 0, .4751213756, 0, 0, 0, 0, 0, 0, 0, .2800002810, 0, 0, 0,
0, 0, 1.000000000, 0, 0, 0, 0, 0, 0, 0, 0, 0, 0, 0, 0, 0, 
0, 0, 0, 0, 0, 0, 0, 0, 0, 1, 0, 0, 0, 0, 0, 0, 
0, 0, 0, .4524163380, .5472537264, 0, 0, 0, 0, 0, 0, 0, 0, 0, .3299356101e-3, 0, 
0, 0, 0, 0, 0, .4901439176, 0, 0, .5098560824, 0, 0, 0, 0, 0, 0, 0, 
0, 0, 0, 0, 0, 0, 0, 0, 0, 1.000000000, 0, 0, 0, 0, 0, 0, 
0, 0, 0, 0, 0, 0, .3002414053e-1, .9220602935, 0, 0, .1821094940e-1, 0, 0, 0, 0, .2970461658e-1, 
0, 0, 0, 0, 0, 0, 0, 0, .4274193548, .5675030466, 0, 0, 0, 0, 0, .5077598566e-2, 
0, 0, 0, 0, 0, 0, 0, 0, 0, 0, 0, .1457872968, .8542127032, 0, 0, 0)

M15 <- matrix(c(
1, 0, 0, 0, 0, 0, 0, 0, 0, 0, 0, 0, 0, 0, 0, 0, 
.2126650661, 0, 0, 0, 0, .2715882271, .3616662982, .1540804086, 0, 0, 0, 0, 0, 0, 0, 0, 
.1464604894, 0, 0, 0, 0, .2880389624, 0, 0, .2066723493, .3588281989, 0, 0, 0, 0, 0, 0, 
.1350114542, 0, 0, 0, 0, 0, .3867275270, 0, .1773457113, 0, .3009153075, 0, 0, 0, 0, 0, 
.3565579988e-1, 0, 0, 0, 0, 0, 0, 0, 0, .4586709351, .5056732651, 0, 0, 0, 0, 0, 
0, 0, 0, 0, 0, 0, 0, 0, 0, 0, 0, .3215852743, .6784147257, 0, 0, 0, 
0, 0, 0, 0, 0, 0, 1, 0, 0, 0, 0, 0, 0, 0, 0, 0, 
0, 0, 0, 0, .1723751063, 0, 0, 0, 0, 0, 0, 0, .5719170248, .2557078689, 0, 0,
0, 0, 0, 0, 0, 0, 0, 0, 0, 0, 0, 1.000000000, 0, 0, 0, 0, 
0, 0, 0, 0, 0, 0, 0, 0, 0, 0, 0, 0, 1.000000000, 0, 0, 0, 
0, 0, 0, 0, 0, 0, 0, 0, 0, 0, 1, 0, 0, 0, 0, 0, 
0, 0, 0, 0, 0, 0, .2834074301, 0, 0, 0, 0, 0, 0, 0, 0, .7165925699, 
0, 0, 0, 0, 0, 0, 0, 0, 0, 0, 0, 0, 0, 0, 0, 1.000000000, 
0, 0, 0, 0, 0, 0, .2964940265, 0, 0, 0, .1821648279, 0, 0, 0, 0, .5213411455,
0, 0, 0, 0, 0, 0, 0, 0, .2255064695, .2427255817, .2453959679, 0, 0, 0, 0, .2863719809, 
0, 0, 0, 0, 0, 0, 0, 0, 0, 0, 0, 0, 0, 0, 0, 1)
