interface(quiet=true):
with(linalg):

an := [ 
AM,AMC,AMP8X,CAZ,CEC,CPD,CPR,CRO,CTT,CTX, CXM,  FEP,  SAM,TZP,ZOX]: 
 


M1 := array([
[0, 0, 0, 1/2, 1/2, 0, 0, 0, 0, 0, 0, 0, 0, 0, 0, 0], 
[1/3, 0, 0, 0, 0, 0, 1/3, 1/3, 0, 0, 0, 0, 0, 0, 0, 0], 
[1/3, 0, 0, 0, 0, 1/3, 0, 0, 0, 1/3, 0, 0, 0, 0, 0, 0], 
[0, 0, 0, 1, 0, 0, 0, 0, 0, 0, 0, 0, 0, 0, 0, 0], 
[0, 0, 0, 0, 0, 0, 0, 1, 0, 0, 0, 0, 0, 0, 0, 0], 
[0, 1/3, 0, 0, 0, 0, 0, 0, 0, 0, 0, 1/3, 1/3, 0, 0, 0], 
[0, 0, 0, 1/2, 0, 0, 0, 0, 0, 0, 0, 0, 0, 1/2, 0, 0], 
[0, 0, 0, 0, 0, 0, 0, 0, 0, 0, 0, 0, 1, 0, 0, 0], 
[0, 0, 1/3, 1/3, 0, 0, 0, 0, 0, 0, 0, 1/3, 0, 0, 0, 0], 
[0, 0, 0, 0, 1/2, 0, 0, 0, 0, 0, 0, 0, 1/2, 0, 0, 0], 
[0, 0, 0, 1/3, 1/3, 0, 0, 0, 0, 0, 0, 0, 0, 1/3, 0, 0], 
[0, 0, 0, 0, 0, 0, 1/2, 0, 0, 0, 0, 0, 0, 0, 0, 1/2], 
[0, 0, 0, 0, 0, 0, 0, 0, 0, 0, 0, 0, 1, 0, 0, 0], 
[0, 0, 0, 0, 0, 0, 0, 1/2, 0, 0, 0, 0, 0, 0, 0, 1/2], 
[0, 0, 0, 0, 0, 0, 0, 0, 1/4, 1/4, 1/4, 0, 0, 0, 0, 1/4], 
[0, 0, 0, 0, 0, 0, 0, 0, 0, 0, 0, 0, 1, 0, 0, 0]]):

M2 := array([
[0, 0, 1/2, 0, 1/2, 0, 0, 0, 0, 0, 0, 0, 0, 0, 0, 0], 
[1/2, 0, 0, 0, 0, 0, 1/2, 0, 0, 0, 0, 0, 0, 0, 0, 0], 
[0, 0, 1, 0, 0, 0, 0, 0, 0, 0, 0, 0, 0, 0, 0, 0], 
[1/3, 0, 0, 0, 0, 0, 1/3, 0, 0, 0, 1/3, 0, 0, 0, 0, 0], 
[0, 0, 0, 0, 0, 0, 0, 0, 0, 0, 1, 0, 0, 0, 0, 0], 
[0, 1/3, 1/3, 0, 0, 0, 0, 0, 0, 0, 0, 0, 1/3, 0, 0, 0], 
[0, 0, 0, 0, 0, 0, 0, 0, 0, 0, 0, 0, 0, 1, 0, 0], 
[0, 1/4, 0, 0, 1/4, 0, 0, 0, 0, 0, 0, 0, 1/4, 1/4, 0, 0], 
[0, 0, 1/3, 1/3, 0, 0, 0, 0, 0, 0, 0, 1/3, 0, 0, 0, 0], 
[0, 0, 1/3, 0, 1/3, 0, 0, 0, 0, 0, 0, 0, 1/3, 0, 0, 0], 
[0, 0, 0, 0, 0, 0, 0, 0, 0, 0, 1, 0, 0, 0, 0, 0], 
[0, 0, 0, 0, 0, 1/3, 1/3, 0, 0, 0, 0, 0, 0, 0, 0, 1/3], 
[0, 0, 0, 0, 0, 0, 0, 0, 0, 0, 0, 0, 1, 0, 0, 0], 
[0, 0, 0, 0, 0, 0, 0, 0, 0, 0, 1/2, 0, 0, 0, 0, 1/2], 
[0, 0, 0, 0, 0, 0, 0, 0, 1/4, 1/4, 1/4, 0, 0, 0, 0, 1/4], 
[0, 0, 0, 0, 0, 0, 0, 0, 0, 0, 0, 0, 1, 0, 0, 0]]):

M3 := array([
[0, 0, 1/3, 1/3, 1/3, 0, 0, 0, 0, 0, 0, 0, 0, 0, 0, 0], 
[1/3, 0, 0, 0, 0, 1/3, 0, 1/3, 0, 0, 0, 0, 0, 0, 0, 0], 
[0, 0, 0, 0, 0, 1/3, 0, 0, 1/3, 1/3, 0, 0, 0, 0, 0, 0], 
[0, 0, 0, 0, 0, 0, 0, 0, 1/2, 0, 1/2, 0, 0, 0, 0, 0], 
[0, 0, 0, 0, 0, 0, 0, 1/3, 0, 1/3, 1/3, 0, 0, 0, 0, 0], 
[0, 0, 0, 0, 0, 0, 0, 0, 0, 0, 0, 0, 1, 0, 0, 0], 
[0, 1/4, 0, 1/4, 0, 0, 0, 0, 0, 0, 0, 1/4, 0, 1/4, 0, 0], 
[0, 0, 0, 0, 0, 0, 0, 0, 0, 0, 0, 0, 1, 0, 0, 0], 
[0, 0, 0, 0, 0, 0, 0, 0, 1, 0, 0, 0, 0, 0, 0, 0], 
[0, 0, 0, 0, 0, 0, 0, 0, 0, 1, 0, 0, 0, 0, 0, 0], 
[0, 0, 0, 0, 0, 0, 0, 0, 0, 0, 1, 0, 0, 0, 0, 0], 
[0, 0, 0, 0, 0, 1/3, 0, 0, 1/3, 0, 0, 0, 0, 0, 0, 1/3], 
[0, 0, 0, 0, 0, 0, 0, 0, 0, 1/2, 0, 0, 0, 0, 0, 1/2], 
[0, 0, 0, 0, 0, 0, 0, 1/3, 0, 0, 1/3, 0, 0, 0, 0, 1/3], 
[0, 0, 0, 0, 0, 0, 0, 0, 1/4, 1/4, 1/4, 0, 0, 0, 0, 1/4], 
[0, 0, 0, 0, 0, 0, 0, 0, 0, 0, 0, 0, 0, 0, 0, 1]]):

M4 := array([
[0, 0, 0, 1/2, 1/2, 0, 0, 0, 0, 0, 0, 0, 0, 0, 0, 0], 
[1/4, 0, 0, 0, 0, 1/4, 1/4, 1/4, 0, 0, 0, 0, 0, 0, 0, 0], 
[1/4, 0, 0, 0, 0, 1/4, 0, 0, 1/4, 1/4, 0, 0, 0, 0, 0, 0], 
[0, 0, 0, 0, 0, 0, 0, 0, 1/2, 0, 1/2, 0, 0, 0, 0, 0], 
[0, 0, 0, 0, 0, 0, 0, 0, 0, 1/2, 1/2, 0, 0, 0, 0, 0], 
[0, 0, 0, 0, 0, 0, 0, 0, 0, 0, 0, 1/2, 1/2, 0, 0, 0], 
[0, 0, 0, 1/2, 0, 0, 0, 0, 0, 0, 0, 1/2, 0, 0, 0, 0], 
[0, 0, 0, 0, 1/3, 0, 0, 0, 0, 0, 0, 0, 1/3, 1/3, 0, 0], 
[0, 0, 0, 0, 0, 0, 0, 0, 1, 0, 0, 0, 0, 0, 0, 0], 
[0, 0, 0, 0, 0, 0, 0, 0, 0, 1, 0, 0, 0, 0, 0, 0], 
[0, 0, 0, 0, 0, 0, 0, 0, 0, 0, 1, 0, 0, 0, 0, 0], 
[0, 0, 0, 0, 0, 0, 0, 0, 1, 0, 0, 0, 0, 0, 0, 0], 
[0, 0, 0, 0, 0, 0, 0, 0, 0, 1, 0, 0, 0, 0, 0, 0], 
[0, 0, 0, 0, 0, 0, 1/3, 0, 0, 0, 1/3, 0, 0, 0, 0, 1/3], 
[0, 0, 0, 0, 0, 0, 0, 0, 1/4, 1/4, 1/4, 0, 0, 0, 0, 1/4], 
[0, 0, 0, 0, 0, 0, 0, 0, 0, 0, 0, 1/2, 1/2, 0, 0, 0]]):
                                       
M5 := array([
[0, 0, 1, 0, 0, 0, 0, 0, 0, 0, 0, 0, 0, 0, 0, 0], 
[1/3, 0, 0, 0, 0, 1/3, 1/3, 0, 0, 0, 0, 0, 0, 0, 0, 0], 
[0, 0, 0, 0, 0, 0, 0, 0, 0, 1, 0, 0, 0, 0, 0, 0], 
[1/3, 0, 0, 0, 0, 0, 1/3, 0, 1/3, 0, 0, 0, 0, 0, 0, 0], 
[1/2, 0, 0, 0, 0, 0, 0, 0, 0, 1/2, 0, 0, 0, 0, 0, 0], 
[0, 0, 1/2, 0, 0, 0, 0, 0, 0, 0, 0, 1/2, 0, 0, 0, 0], 
[0, 0, 0, 0, 0, 0, 0, 0, 0, 0, 0, 1, 0, 0, 0, 0], 
[0, 1/2, 0, 0, 1/2, 0, 0, 0, 0, 0, 0, 0, 0, 0, 0, 0], 
[0, 0, 1/2, 0, 0, 0, 0, 0, 0, 0, 0, 1/2, 0, 0, 0, 0], 
[0, 0, 0, 0, 0, 0, 0, 0, 0, 1, 0, 0, 0, 0, 0, 0], 
[0, 0, 0, 1/2, 1/2, 0, 0, 0, 0, 0, 0, 0, 0, 0, 0, 0], 
[0, 0, 0, 0, 0, 0, 0, 0, 0, 0, 0, 1, 0, 0, 0, 0], 
[0, 0, 0, 0, 0, 1/4, 0, 1/4, 0, 1/4, 0, 0, 0, 0, 0, 1/4], 
[0, 0, 0, 0, 0, 0, 1/4, 1/4, 0, 0, 1/4, 0, 0, 0, 0, 1/4], 
[0, 0, 0, 0, 0, 0, 0, 0, 1/4, 1/4, 1/4, 0, 0, 0, 0, 1/4], 
[0, 0, 0, 0, 0, 0, 0, 0, 0, 0, 0, 1, 0, 0, 0, 0]]):
                                       
M6 := array([
[0, 0, 1/2, 1/2, 0, 0, 0, 0, 0, 0, 0, 0, 0, 0, 0, 0], 
[1/3, 0, 0, 0, 0, 1/3, 1/3, 0, 0, 0, 0, 0, 0, 0, 0, 0], 
[0, 0, 0, 0, 0, 0, 0, 0, 1/2, 1/2, 0, 0, 0, 0, 0, 0], 
[0, 0, 0, 0, 0, 0, 1/2, 0, 1/2, 0, 0, 0, 0, 0, 0, 0], 
[1/4, 0, 0, 0, 0, 0, 0, 1/4, 0, 1/4, 1/4, 0, 0, 0, 0, 0], 
[0, 0, 1/3, 0, 0, 0, 0, 0, 0, 0, 0, 1/3, 1/3, 0, 0, 0], 
[0, 0, 0, 0, 0, 0, 1, 0, 0, 0, 0, 0, 0, 0, 0, 0], 
[0, 1/3, 0, 0, 0, 0, 0, 0, 0, 0, 0, 0, 1/3, 1/3, 0, 0], 
[0, 0, 0, 0, 0, 0, 0, 0, 0, 0, 0, 0, 0, 0, 1, 0], 
[0, 0, 0, 0, 0, 0, 0, 0, 0, 0, 0, 0, 0, 0, 1, 0], 
[0, 0, 0, 1/2, 0, 0, 0, 0, 0, 0, 0, 0, 0, 0, 1/2, 0], 
[0, 0, 0, 0, 0, 0, 1/3, 0, 1/3, 0, 0, 0, 0, 0, 0, 1/3], 
[0, 0, 0, 0, 0, 0, 0, 0, 0, 1/2, 0, 0, 0, 0, 0, 1/2], 
[0, 0, 0, 0, 0, 0, 1/3, 0, 0, 0, 1/3, 0, 0, 0, 0, 1/3], 
[0, 0, 0, 0, 0, 0, 0, 0, 0, 0, 0, 0, 0, 0, 0, 1], 
[0, 0, 0, 0, 0, 0, 0, 0, 0, 0, 0, 0, 0, 0, 0, 1]]):

M7 := array([
[0, 0, 1/2, 1/2, 0, 0, 0, 0, 0, 0, 0, 0, 0, 0, 0, 0], 
[1, 0, 0, 0, 0, 0, 0, 0, 0, 0, 0, 0, 0, 0, 0, 0], 
[0, 0, 0, 0, 0, 0, 0, 0, 1, 0, 0, 0, 0, 0, 0, 0], 
[0, 0, 0, 0, 0, 0, 0, 0, 1/2, 0, 1/2, 0, 0, 0, 0, 0], 
[1/3, 0, 0, 0, 0, 0, 0, 0, 0, 1/3, 1/3, 0, 0, 0, 0, 0], 
[0, 1/4, 1/4, 0, 0, 0, 0, 0, 0, 0, 0, 1/4, 1/4, 0, 0, 0], 
[0, 1/4, 0, 1/4, 0, 0, 0, 0, 0, 0, 0, 1/4, 0, 1/4, 0, 0], 
[0, 1/2, 0, 0, 1/2, 0, 0, 0, 0, 0, 0, 0, 0, 0, 0, 0], 
[0, 0, 0, 0, 0, 0, 0, 0, 0, 0, 0, 0, 0, 0, 1, 0], 
[0, 0, 1/2, 0, 0, 0, 0, 0, 0, 0, 0, 0, 0, 0, 1/2, 0], 
[0, 0, 0, 0, 0, 0, 0, 0, 0, 0, 0, 0, 0, 0, 1, 0], 
[0, 0, 0, 0, 0, 0, 0, 0, 1, 0, 0, 0, 0, 0, 0, 0], 
[0, 0, 0, 0, 0, 0, 0, 1/3, 0, 1/3, 0, 0, 0, 0, 0, 1/3], 
[0, 0, 0, 0, 0, 0, 0, 1/3, 0, 0, 1/3, 0, 0, 0, 0, 1/3], 
[0, 0, 0, 0, 0, 0, 0, 0, 0, 0, 0, 0, 0, 0, 1, 0], 
[0, 0, 0, 0, 0, 0, 0, 0, 0, 0, 0, 1/2, 0, 0, 1/2, 0]]):
                                       
M8 := array([
[0, 0, 1/2, 1/2, 0, 0, 0, 0, 0, 0, 0, 0, 0, 0, 0, 0], 
[1/3, 0, 0, 0, 0, 1/3, 1/3, 0, 0, 0, 0, 0, 0, 0, 0, 0], 
[0, 0, 0, 0, 0, 0, 0, 0, 0, 1, 0, 0, 0, 0, 0, 0], 
[0, 0, 0, 0, 0, 0, 1/2, 0, 1/2, 0, 0, 0, 0, 0, 0, 0], 
[1/4, 0, 0, 0, 0, 0, 0, 1/4, 0, 1/4, 1/4, 0, 0, 0, 0, 0], 
[0, 0, 1/2, 0, 0, 0, 0, 0, 0, 0, 0, 1/2, 0, 0, 0, 0], 
[0, 0, 0, 0, 0, 0, 1, 0, 0, 0, 0, 0, 0, 0, 0, 0], 
[0, 1/3, 0, 0, 0, 0, 0, 0, 0, 0, 0, 0, 1/3, 1/3, 0, 0], 
[0, 0, 1/2, 0, 0, 0, 0, 0, 0, 0, 0, 1/2, 0, 0, 0, 0], 
[0, 0, 0, 0, 0, 0, 0, 0, 0, 1, 0, 0, 0, 0, 0, 0], 
[0, 0, 0, 1/2, 0, 0, 0, 0, 0, 0, 0, 0, 0, 1/2, 0, 0], 
[0, 0, 0, 0, 0, 0, 1/2, 0, 0, 0, 0, 0, 0, 0, 0, 1/2], 
[0, 0, 0, 0, 0, 1/3, 0, 0, 0, 1/3, 0, 0, 0, 0, 0, 1/3], 
[0, 0, 0, 0, 0, 0, 1/2, 0, 0, 0, 0, 0, 0, 0, 0, 1/2], 
[0, 0, 0, 0, 0, 0, 0, 0, 1/4, 1/4, 1/4, 0, 0, 0, 0, 1/4], 
[0, 0, 0, 0, 0, 0, 0, 0, 0, 0, 0, 0, 0, 0, 0, 1]]):
                                       
M9 := array([
[0, 1/3, 1/3, 1/3, 0, 0, 0, 0, 0, 0, 0, 0, 0, 0, 0, 0], 
[0, 1, 0, 0, 0, 0, 0, 0, 0, 0, 0, 0, 0, 0, 0, 0], 
[0, 0, 1, 0, 0, 0, 0, 0, 0, 0, 0, 0, 0, 0, 0, 0], 
[0, 0, 0, 0, 0, 0, 1/3, 0, 1/3, 0, 1/3, 0, 0, 0, 0, 0], 
[1/3, 0, 0, 0, 0, 0, 0, 1/3, 0, 0, 1/3, 0, 0, 0, 0, 0], 
[0, 1/4, 1/4, 0, 0, 0, 0, 0, 0, 0, 0, 1/4, 1/4, 0, 0, 0], 
[0, 1/2, 0, 0, 0, 0, 0, 0, 0, 0, 0, 1/2, 0, 0, 0, 0], 
[0, 1/2, 0, 0, 0, 0, 0, 0, 0, 0, 0, 0, 1/2, 0, 0, 0], 
[0, 0, 1/3, 0, 0, 0, 0, 0, 0, 0, 0, 1/3, 0, 0, 1/3, 0], 
[0, 0, 1/4, 0, 1/4, 0, 0, 0, 0, 0, 0, 0, 1/4, 0, 1/4, 0], 
[0, 0, 0, 0, 0, 0, 0, 0, 0, 0, 0, 0, 0, 0, 1, 0], 
[0, 0, 0, 0, 0, 0, 0, 0, 0, 0, 0, 1, 0, 0, 0, 0], 
[0, 0, 0, 0, 0, 0, 0, 0, 0, 0, 0, 0, 1, 0, 0, 0], 
[0, 0, 0, 0, 0, 0, 1/4, 1/4, 0, 0, 1/4, 0, 0, 0, 0, 1/4], 
[0, 0, 0, 0, 0, 0, 0, 0, 0, 0, 0, 0, 0, 0, 1, 0], 
[0, 0, 0, 0, 0, 0, 0, 0, 0, 0, 0, 1/3, 1/3, 0, 1/3, 0]]):
                                       
M10 := array([
[0, 1/3, 1/3, 1/3, 0, 0, 0, 0, 0, 0, 0, 0, 0, 0, 0, 0], 
[0, 0, 0, 0, 0, 1/2, 1/2, 0, 0, 0, 0, 0, 0, 0, 0, 0], 
[0, 0, 0, 0, 0, 0, 0, 0, 1/2, 1/2, 0, 0, 0, 0, 0, 0], 
[0, 0, 0, 0, 0, 0, 1/2, 0, 1/2, 0, 0, 0, 0, 0, 0, 0], 
[1/4, 0, 0, 0, 0, 0, 0, 1/4, 0, 1/4, 1/4, 0, 0, 0, 0, 0], 
[0, 0, 1, 0, 0, 0, 0, 0, 0, 0, 0, 0, 0, 0, 0, 0], 
[0, 0, 0, 0, 0, 0, 1, 0, 0, 0, 0, 0, 0, 0, 0, 0], 
[0, 1/2, 0, 0, 0, 0, 0, 0, 0, 0, 0, 0, 0, 1/2, 0, 0], 
[0, 0, 0, 0, 0, 0, 0, 0, 1, 0, 0, 0, 0, 0, 0, 0], 
[0, 0, 0, 0, 0, 0, 0, 0, 0, 1, 0, 0, 0, 0, 0, 0], 
[0, 0, 0, 1/3, 0, 0, 0, 0, 0, 0, 0, 0, 0, 1/3, 1/3, 0], 
[0, 0, 0, 0, 0, 1/4, 1/4, 0, 1/4, 0, 0, 0, 0, 0, 0, 1/4], 
[0, 0, 0, 0, 0, 1/4, 0, 1/4, 0, 1/4, 0, 0, 0, 0, 0, 1/4], 
[0, 0, 0, 0, 0, 0, 1/2, 0, 0, 0, 0, 0, 0, 0, 0, 1/2], 
[0, 0, 0, 0, 0, 0, 0, 0, 1/3, 1/3, 0, 0, 0, 0, 0, 1/3], 
[0, 0, 0, 0, 0, 0, 0, 0, 0, 0, 0, 0, 0, 0, 0, 1]]):
                                       
M11 := array([
[0, 0, 1/2, 1/2, 0, 0, 0, 0, 0, 0, 0, 0, 0, 0, 0, 0], 
[1/4, 0, 0, 0, 0, 1/4, 1/4, 1/4, 0, 0, 0, 0, 0, 0, 0, 0], 
[0, 0, 1, 0, 0, 0, 0, 0, 0, 0, 0, 0, 0, 0, 0, 0], 
[0, 0, 0, 0, 0, 0, 0, 0, 1/2, 0, 1/2, 0, 0, 0, 0, 0], 
[1/3, 0, 0, 0, 0, 0, 0, 0, 0, 1/3, 1/3, 0, 0, 0, 0, 0], 
[0, 0, 1, 0, 0, 0, 0, 0, 0, 0, 0, 0, 0, 0, 0, 0], 
[0, 0, 0, 1/2, 0, 0, 0, 0, 0, 0, 0, 0, 0, 1/2, 0, 0], 
[0, 0, 0, 0, 1/3, 0, 0, 0, 0, 0, 0, 0, 1/3, 1/3, 0, 0], 
[0, 0, 1/2, 0, 0, 0, 0, 0, 0, 0, 0, 0, 0, 0, 1/2, 0], 
[0, 0, 1/2, 0, 0, 0, 0, 0, 0, 0, 0, 0, 0, 0, 1/2, 0], 
[0, 0, 0, 0, 0, 0, 0, 0, 0, 0, 0, 0, 0, 1/2, 1/2, 0], 
[0, 0, 0, 0, 0, 1/4, 1/4, 0, 1/4, 0, 0, 0, 0, 0, 0, 1/4], 
[0, 0, 0, 0, 0, 1/3, 0, 0, 0, 1/3, 0, 0, 0, 0, 0, 1/3], 
[0, 0, 0, 0, 0, 0, 0, 0, 0, 0, 0, 0, 0, 0, 0, 1], 
[0, 0, 0, 0, 0, 0, 0, 0, 0, 0, 0, 0, 0, 0, 1, 0], 
[0, 0, 0, 0, 0, 0, 0, 0, 0, 0, 0, 0, 0, 0, 1, 0]]):
                                       
M12 := array([
[1, 0, 0, 0, 0, 0, 0, 0, 0, 0, 0, 0, 0, 0, 0, 0], 
[1/4, 0, 0, 0, 0, 1/4, 1/4, 1/4, 0, 0, 0, 0, 0, 0, 0, 0], 
[1/4, 0, 0, 0, 0, 1/4, 0, 0, 1/4, 1/4, 0, 0, 0, 0, 0, 0], 
[1/4, 0, 0, 0, 0, 0, 1/4, 0, 1/4, 0, 1/4, 0, 0, 0, 0, 0], 
[1/3, 0, 0, 0, 0, 0, 0, 0, 0, 1/3, 1/3, 0, 0, 0, 0, 0], 
[0, 0, 0, 0, 0, 0, 0, 0, 0, 0, 0, 1/2, 1/2, 0, 0, 0], 
[0, 0, 0, 0, 0, 0, 1, 0, 0, 0, 0, 0, 0, 0, 0, 0], 
[0, 0, 0, 0, 1/3, 0, 0, 0, 0, 0, 0, 0, 1/3, 1/3, 0, 0], 
[0, 0, 0, 0, 0, 0, 0, 0, 0, 0, 0, 1, 0, 0, 0, 0], 
[0, 0, 0, 0, 0, 0, 0, 0, 0, 0, 0, 0, 1, 0, 0, 0], 
[0, 0, 0, 0, 0, 0, 0, 0, 0, 0, 1, 0, 0, 0, 0, 0], 
[0, 0, 0, 0, 0, 0, 1/2, 0, 0, 0, 0, 0, 0, 0, 0, 1/2], 
[0, 0, 0, 0, 0, 0, 0, 0, 0, 0, 0, 0, 0, 0, 0, 1], 
[0, 0, 0, 0, 0, 0, 1/3, 0, 0, 0, 1/3, 0, 0, 0, 0, 1/3], 
[0, 0, 0, 0, 0, 0, 0, 0, 1/4, 1/4, 1/4, 0, 0, 0, 0, 1/4], 
[0, 0, 0, 0, 0, 0, 0, 0, 0, 0, 0, 0, 0, 0, 0, 1]]):
                                       
M13 := array([
[0, 1/3, 1/3, 0, 1/3, 0, 0, 0, 0, 0, 0, 0, 0, 0, 0, 0], 
[0, 0, 0, 0, 0, 1/3, 1/3, 1/3, 0, 0, 0, 0, 0, 0, 0, 0], 
[0, 0, 0, 0, 0, 1, 0, 0, 0, 0, 0, 0, 0, 0, 0, 0], 
[1/3, 0, 0, 0, 0, 0, 1/3, 0, 0, 0, 1/3, 0, 0, 0, 0, 0], 
[0, 0, 0, 0, 0, 0, 0, 1, 0, 0, 0, 0, 0, 0, 0, 0], 
[0, 0, 0, 0, 0, 0, 0, 0, 0, 0, 0, 1/2, 1/2, 0, 0, 0], 
[0, 0, 0, 0, 0, 0, 0, 0, 0, 0, 0, 1/2, 0, 1/2, 0, 0], 
[0, 0, 0, 0, 0, 0, 0, 0, 0, 0, 0, 0, 1/2, 1/2, 0, 0], 
[0, 0, 1/4, 1/4, 0, 0, 0, 0, 0, 0, 0, 1/4, 0, 0, 1/4, 0], 
[0, 0, 1/3, 0, 1/3, 0, 0, 0, 0, 0, 0, 0, 1/3, 0, 0, 0], 
[0, 0, 0, 0, 1/2, 0, 0, 0, 0, 0, 0, 0, 0, 1/2, 0, 0], 
[0, 0, 0, 0, 0, 0, 0, 0, 0, 0, 0, 0, 0, 0, 0, 1], 
[0, 0, 0, 0, 0, 0, 0, 0, 0, 0, 0, 0, 0, 0, 0, 1], 
[0, 0, 0, 0, 0, 0, 0, 0, 0, 0, 0, 0, 0, 0, 0, 1], 
[0, 0, 0, 0, 0, 0, 0, 0, 0, 0, 1/2, 0, 0, 0, 0, 1/2], 
[0, 0, 0, 0, 0, 0, 0, 0, 0, 0, 0, 0, 0, 0, 0, 1]]):
                                       
M14 := array([
[0, 1/3, 1/3, 0, 1/3, 0, 0, 0, 0, 0, 0, 0, 0, 0, 0, 0], 
[0, 1, 0, 0, 0, 0, 0, 0, 0, 0, 0, 0, 0, 0, 0, 0], 
[0, 0, 1, 0, 0, 0, 0, 0, 0, 0, 0, 0, 0, 0, 0, 0], 
[1/3, 0, 0, 0, 0, 0, 0, 0, 1/3, 0, 1/3, 0, 0, 0, 0, 0], 
[0, 0, 0, 0, 0, 0, 0, 0, 0, 0, 1, 0, 0, 0, 0, 0], 
[0, 1/3, 1/3, 0, 0, 0, 0, 0, 0, 0, 0, 0, 1/3, 0, 0, 0], 
[0, 1/3, 0, 1/3, 0, 0, 0, 0, 0, 0, 0, 1/3, 0, 0, 0, 0], 
[0, 1/3, 0, 0, 1/3, 0, 0, 0, 0, 0, 0, 0, 1/3, 0, 0, 0], 
[0, 0, 1, 0, 0, 0, 0, 0, 0, 0, 0, 0, 0, 0, 0, 0], 
[0, 0, 1/4, 0, 1/4, 0, 0, 0, 0, 0, 0, 0, 1/4, 0, 1/4, 0], 
[0, 0, 0, 0, 0, 0, 0, 0, 0, 0, 1, 0, 0, 0, 0, 0], 
[0, 0, 0, 0, 0, 1/2, 0, 0, 1/2, 0, 0, 0, 0, 0, 0, 0], 
[0, 0, 0, 0, 0, 0, 0, 0, 0, 0, 0, 0, 1, 0, 0, 0], 
[0, 0, 0, 0, 0, 0, 1/4, 1/4, 0, 0, 1/4, 0, 0, 0, 0, 1/4], 
[0, 0, 0, 0, 0, 0, 0, 0, 1/3, 0, 1/3, 0, 0, 0, 0, 1/3], 
[0, 0, 0, 0, 0, 0, 0, 0, 0, 0, 0, 1/2, 1/2, 0, 0, 0]]):
                                       
M15 := array([
[0, 1/3, 1/3, 1/3, 0, 0, 0, 0, 0, 0, 0, 0, 0, 0, 0, 0], 
[0, 0, 0, 0, 0, 1/3, 1/3, 1/3, 0, 0, 0, 0, 0, 0, 0, 0], 
[0, 0, 0, 0, 0, 0, 0, 0, 1/2, 1/2, 0, 0, 0, 0, 0, 0], 
[0, 0, 0, 0, 0, 0, 0, 0, 1, 0, 0, 0, 0, 0, 0, 0], 
[1/4, 0, 0, 0, 0, 0, 0, 1/4, 0, 1/4, 1/4, 0, 0, 0, 0, 0], 
[0, 0, 1, 0, 0, 0, 0, 0, 0, 0, 0, 0, 0, 0, 0, 0], 
[0, 0, 0, 1, 0, 0, 0, 0, 0, 0, 0, 0, 0, 0, 0, 0], 
[0, 0, 0, 0, 0, 0, 0, 1, 0, 0, 0, 0, 0, 0, 0, 0], 
[0, 0, 0, 0, 0, 0, 0, 0, 0, 0, 0, 0, 0, 0, 1, 0], 
[0, 0, 0, 0, 0, 0, 0, 0, 0, 0, 0, 0, 0, 0, 1, 0], 
[0, 0, 0, 1/2, 0, 0, 0, 0, 0, 0, 0, 0, 0, 0, 1/2, 0], 
[0, 0, 0, 0, 0, 1/4, 1/4, 0, 1/4, 0, 0, 0, 0, 0, 0, 1/4], 
[0, 0, 0, 0, 0, 1/4, 0, 1/4, 0, 1/4, 0, 0, 0, 0, 0, 1/4], 
[0, 0, 0, 0, 0, 0, 1/4, 1/4, 0, 0, 1/4, 0, 0, 0, 0, 1/4], 
[0, 0, 0, 0, 0, 0, 0, 0, 0, 0, 0, 0, 0, 0, 1, 0], 
[0, 0, 0, 0, 0, 0, 0, 0, 0, 0, 0, 0, 0, 0, 1, 0]]):

choices := {1,2,3,4,5,6,7,8,9,10,11,13,14}:
cutoff := 1/3:

winner := 0:
for i1 in choices do
for i2 in choices do
P := multiply(cat(M,i1),cat(M,i2)):
if (P[1,1] > winner) then winner := P[1,1] : fi:
if ((P[1,1] >= winner) and (P[1,1] >= cutoff)) then
  lprint([i1,i2],[an[i1],an[i2]],P[1,1],evalf(P[1,1]));
fi:
od:od:

print(time());

winner := 0:
for i1 in choices do
for i2 in choices do
for i3 in choices do
P := multiply(cat(M,i1),multiply(cat(M,i2),cat(M,i3))):
if (P[1,1] > winner) then winner := P[1,1] : fi:
if ((P[1,1] >= winner) and (P[1,1] >= cutoff)) then
  lprint([i1,i2,i3],[an[i1],an[i2],an[i3]],P[1,1],evalf(P[1,1]));
fi:
od:od:od:

print(time());

winner := 0:
for i1 in choices do
for i2 in choices do
for i3 in choices do
for i4 in choices do
P := multiply(cat(M,i1),multiply(cat(M,i2),multiply(cat(M,i3),cat(M,i4)))):
if (P[1,1] > winner) then winner := P[1,1] : fi:
if ((P[1,1] >= winner) and (P[1,1] >= cutoff)) then
  lprint([i1,i2,i3,i4],[an[i1],an[i2],an[i3],an[i4]],P[1,1],evalf(P[1,1]));
fi:
od:od:od:od:

print(time());

winner := 0:
for i1 in choices do
for i2 in choices do
for i3 in choices do
for i4 in choices do
for i5 in choices do
P := multiply(cat(M,i1),multiply(cat(M,i2),
multiply(cat(M,i3),multiply(cat(M,i4),cat(M,i5))))):
if (P[1,1] > winner) then winner := P[1,1] : fi:
if ((P[1,1] >= winner) and (P[1,1] >= cutoff)) then
  lprint([i1,i2,i3,i4,i5],[an[i1],an[i2],an[i3],an[i4],an[i5]],P[1,1],evalf(P[1,1]));
fi:
od:od:od:od:od:

print(time());


winner := 0:
for i1 in choices do
for i2 in choices do
for i3 in choices do
for i4 in choices do
for i5 in choices do
for i6 in choices do
P := multiply(cat(M,i1),multiply(cat(M,i2),multiply(cat(M,i3),
multiply(cat(M,i4),multiply(cat(M,i5),cat(M,i6)))))):
if (P[1,1] > winner) then winner := P[1,1] : fi:
if ((P[1,1] >= winner) and (P[1,1] >= cutoff)) then
  lprint([i1,i2,i3,i4,i5,i6],[an[i1],an[i2],an[i3],an[i4],an[i5],an[i6]],P[1,1],evalf(P[1,1]));
fi:
od:od:od:od:od:od:

print(time());

print(time());
